c(150, 151, 320, 149)	742	chr17
c(496, 150, 151, 320)	738	chr17
c(149, 667, 149, 497)	727	chr17
c(149, 497, 496, 150)	726	chr17
c(667, 149, 497, 496)	723	chr17
c(497, 496, 150, 151)	714	chr17
c(320, 149, 667, 149)	710	chr17
c(151, 320, 149, 667)	704	chr17
c(667, 149, 496, 496)	276	chr17
c(496, 496, 150, 151)	269	chr17
c(150, 151, 321, 149)	261	chr17
c(496, 150, 151, 321)	250	chr17
c(149, 667, 149, 496)	166	chr17
c(321, 149, 667, 149)	162	chr17
c(149, 496, 496, 150)	153	chr17
c(149, 833, 496, 496)	151	chr17
c(321, 149, 833, 496)	145	chr17
c(151, 321, 149, 833)	141	chr17
c(833, 496, 496, 150)	141	chr17
c(151, 321, 149, 667)	133	chr17
c(148, 667, 149, 496)	110	chr17
c(149, 496, 496, 321)	92	chr17
c(321, 148, 667, 149)	88	chr17
c(496, 321, 148, 667)	88	chr17
c(496, 496, 321, 148)	88	chr17
c(151, 320, 149, 833)	37	chr17
c(149, 496, 834, 148)	33	chr17
c(149, 1515, 667, 149)	31	chr17
c(667, 149, 1515, 667)	31	chr17
c(1515, 667, 149, 1515)	30	chr17
c(667, 149, 496, 834)	29	chr17
c(833, 497, 496, 150)	29	chr17
c(149, 833, 497, 496)	28	chr17
c(320, 149, 833, 497)	28	chr17
c(496, 834, 148, 667)	28	chr17
c(496, 150, 321, 149)	26	chr17
c(834, 148, 667, 149)	25	chr17
c(150, 321, 149, 667)	24	chr17
c(150, 151, 487, 667)	23	chr17
c(487, 667, 149, 496)	23	chr17
c(489, 149, 667, 149)	23	chr17
c(496, 151, 321, 149)	22	chr17
c(151, 487, 667, 149)	21	chr17
c(149, 496, 496, 486)	20	chr17
c(488, 149, 667, 149)	20	chr17
c(496, 150, 151, 487)	20	chr17
c(486, 667, 149, 496)	19	chr17
c(496, 486, 667, 149)	19	chr17
c(496, 496, 151, 321)	19	chr17
c(496, 496, 486, 667)	19	chr17
c(496, 318, 321, 149)	17	chr17
c(150, 488, 149, 667)	16	chr17
c(318, 321, 149, 667)	16	chr17
c(496, 150, 488, 149)	16	chr17
c(496, 496, 150, 489)	16	chr17
c(497, 496, 150, 488)	16	chr17
c(496, 496, 150, 321)	15	chr17
c(149, 496, 496, 318)	14	chr17
c(151, 321, 833, 149)	14	chr17
c(496, 150, 489, 149)	14	chr17
c(496, 495, 150, 151)	14	chr17
c(149, 496, 496, 151)	13	chr17
c(149, 667, 149, 1009)	13	chr17
c(496, 496, 318, 321)	13	chr17
c(149, 497, 496, 151)	12	chr17
c(149, 833, 496, 495)	12	chr17
c(496, 496, 489, 149)	12	chr17
c(497, 496, 150, 321)	12	chr17
c(663, 496, 150, 151)	12	chr17
c(667, 663, 496, 150)	12	chr17
c(149, 667, 662, 496)	11	chr17
c(149, 667, 663, 496)	11	chr17
c(155, 496, 150, 151)	11	chr17
c(833, 496, 495, 150)	11	chr17
c(1009, 150, 151, 321)	10	chr17
c(149, 496, 496, 489)	10	chr17
c(150, 151, 321, 833)	10	chr17
c(150, 489, 149, 833)	10	chr17
c(489, 149, 833, 496)	10	chr17
c(496, 489, 149, 667)	10	chr17
c(497, 496, 151, 321)	10	chr17
c(833, 149, 496, 496)	10	chr17
c(833, 496, 496, 151)	10	chr17
c(149, 155, 496, 150)	9	chr17
c(149, 495, 496, 496)	9	chr17
c(150, 321, 149, 833)	9	chr17
c(318, 320, 149, 667)	9	chr17
c(320, 149, 833, 496)	9	chr17
c(321, 149, 667, 662)	9	chr17
c(497, 496, 150, 149)	9	chr17
c(662, 496, 150, 151)	9	chr17
c(666, 149, 496, 496)	9	chr17
c(667, 662, 496, 150)	9	chr17
c(149, 497, 663, 151)	8	chr17
c(149, 667, 149, 1010)	8	chr17
c(149, 667, 149, 155)	8	chr17
c(150, 149, 497, 496)	8	chr17
c(150, 320, 149, 667)	8	chr17
c(150, 655, 667, 149)	8	chr17
c(151, 320, 833, 149)	8	chr17
c(151, 321, 149, 495)	8	chr17
c(495, 150, 151, 320)	8	chr17
c(496, 150, 149, 497)	8	chr17
c(496, 150, 655, 667)	8	chr17
c(496, 318, 320, 149)	8	chr17
c(497, 663, 151, 320)	8	chr17
c(655, 667, 149, 496)	8	chr17
c(667, 149, 155, 496)	8	chr17
c(832, 149, 496, 496)	8	chr17
c(149, 1009, 150, 151)	7	chr17
c(149, 1010, 150, 151)	7	chr17
c(149, 497, 496, 318)	7	chr17
c(149, 833, 1009, 150)	7	chr17
c(320, 149, 667, 663)	7	chr17
c(321, 149, 495, 496)	7	chr17
c(321, 833, 149, 496)	7	chr17
c(495, 496, 496, 150)	7	chr17
c(496, 150, 151, 150)	7	chr17
c(496, 496, 150, 655)	7	chr17
c(497, 496, 318, 320)	7	chr17
c(663, 151, 320, 149)	7	chr17
c(663, 151, 321, 149)	7	chr17
c(667, 149, 497, 663)	7	chr17
c(833, 1009, 150, 151)	7	chr17
c(999, 496, 496, 150)	7	chr17
c(1010, 150, 151, 320)	6	chr17
c(148, 666, 149, 496)	6	chr17
c(149, 496, 496, 149)	6	chr17
c(149, 496, 663, 151)	6	chr17
c(149, 668, 149, 497)	6	chr17
c(150, 151, 320, 833)	6	chr17
c(151, 320, 149, 668)	6	chr17
c(320, 149, 668, 149)	6	chr17
c(321, 148, 666, 149)	6	chr17
c(321, 149, 666, 149)	6	chr17
c(321, 149, 833, 1009)	6	chr17
c(496, 151, 321, 833)	6	chr17
c(496, 663, 151, 321)	6	chr17
c(667, 149, 1009, 150)	6	chr17
c(667, 149, 496, 495)	6	chr17
c(667, 662, 496, 321)	6	chr17
c(668, 149, 497, 496)	6	chr17
c(1009, 321, 148, 667)	5	chr17
c(148, 667, 662, 496)	5	chr17
c(149, 496, 495, 150)	5	chr17
c(149, 665, 149, 496)	5	chr17
c(150, 489, 149, 667)	5	chr17
c(321, 148, 667, 662)	5	chr17
c(321, 832, 149, 496)	5	chr17
c(496, 149, 496, 496)	5	chr17
c(496, 150, 320, 149)	5	chr17
c(496, 151, 151, 320)	5	chr17
c(496, 321, 148, 666)	5	chr17
c(496, 496, 149, 496)	5	chr17
c(497, 496, 150, 320)	5	chr17
c(667, 149, 1009, 321)	5	chr17
c(667, 149, 1010, 150)	5	chr17
c(667, 149, 496, 497)	5	chr17
c(667, 149, 496, 663)	5	chr17
c(832, 149, 496, 834)	5	chr17
c(833, 149, 497, 496)	5	chr17
c(834, 832, 149, 496)	5	chr17
c(1009, 150, 151, 487)	4	chr17
c(148, 665, 149, 496)	4	chr17
c(148, 667, 149, 1009)	4	chr17
c(149, 1009, 321, 148)	4	chr17
c(149, 1346, 496, 150)	4	chr17
c(149, 496, 496, 487)	4	chr17
c(149, 496, 496, 488)	4	chr17
c(149, 496, 834, 832)	4	chr17
c(149, 666, 149, 496)	4	chr17
c(150, 151, 150, 320)	4	chr17
c(150, 151, 486, 667)	4	chr17
c(150, 489, 999, 496)	4	chr17
c(151, 150, 320, 149)	4	chr17
c(151, 151, 320, 149)	4	chr17
c(151, 320, 149, 666)	4	chr17
c(151, 321, 149, 665)	4	chr17
c(151, 321, 149, 666)	4	chr17
c(151, 486, 667, 149)	4	chr17
c(151, 489, 149, 667)	4	chr17
c(320, 149, 666, 149)	4	chr17
c(320, 149, 667, 662)	4	chr17
c(320, 833, 149, 497)	4	chr17
c(321, 149, 665, 149)	4	chr17
c(321, 149, 667, 663)	4	chr17
c(325, 496, 151, 151)	4	chr17
c(486, 667, 149, 497)	4	chr17
c(487, 833, 496, 496)	4	chr17
c(489, 999, 496, 496)	4	chr17
c(495, 150, 321, 149)	4	chr17
c(496, 150, 151, 486)	4	chr17
c(496, 150, 489, 999)	4	chr17
c(496, 321, 832, 149)	4	chr17
c(496, 488, 149, 667)	4	chr17
c(496, 495, 150, 321)	4	chr17
c(496, 496, 151, 151)	4	chr17
c(496, 496, 488, 149)	4	chr17
c(496, 834, 832, 149)	4	chr17
c(662, 496, 321, 148)	4	chr17
c(665, 149, 496, 496)	4	chr17
c(667, 149, 495, 496)	4	chr17
c(1009, 318, 321, 149)	3	chr17
c(148, 667, 149, 495)	3	chr17
c(148, 833, 1009, 321)	3	chr17
c(149, 495, 496, 321)	3	chr17
c(149, 666, 149, 497)	3	chr17
c(149, 667, 149, 667)	3	chr17
c(149, 667, 150, 151)	3	chr17
c(150, 150, 321, 149)	3	chr17
c(150, 151, 150, 151)	3	chr17
c(150, 151, 321, 999)	3	chr17
c(150, 489, 149, 1346)	3	chr17
c(151, 151, 489, 149)	3	chr17
c(151, 320, 149, 832)	3	chr17
c(151, 320, 998, 496)	3	chr17
c(151, 321, 149, 494)	3	chr17
c(151, 321, 999, 496)	3	chr17
c(318, 321, 149, 833)	3	chr17
c(320, 149, 832, 496)	3	chr17
c(320, 833, 149, 496)	3	chr17
c(321, 149, 1346, 496)	3	chr17
c(321, 149, 833, 495)	3	chr17
c(321, 833, 662, 496)	3	chr17
c(321, 999, 496, 496)	3	chr17
c(322, 149, 667, 149)	3	chr17
c(489, 149, 1346, 496)	3	chr17
c(495, 150, 151, 321)	3	chr17
c(495, 150, 489, 149)	3	chr17
c(495, 834, 832, 149)	3	chr17
c(496, 150, 150, 321)	3	chr17
c(496, 151, 320, 149)	3	chr17
c(496, 321, 149, 1346)	3	chr17
c(496, 325, 496, 151)	3	chr17
c(496, 496, 150, 150)	3	chr17
c(496, 496, 321, 832)	3	chr17
c(496, 497, 150, 151)	3	chr17
c(496, 834, 148, 665)	3	chr17
c(497, 150, 151, 321)	3	chr17
c(497, 496, 151, 151)	3	chr17
c(662, 496, 318, 321)	3	chr17
c(666, 149, 497, 496)	3	chr17
c(667, 149, 667, 150)	3	chr17
c(833, 1009, 321, 148)	3	chr17
c(834, 148, 665, 149)	3	chr17
c(1002, 149, 667, 149)	2	chr17
c(1339, 149, 496, 496)	2	chr17
c(1346, 496, 150, 489)	2	chr17
c(1346, 496, 321, 149)	2	chr17
c(1346, 999, 667, 149)	2	chr17
c(148, 671, 149, 496)	2	chr17
c(149, 1009, 318, 321)	2	chr17
c(149, 1346, 496, 321)	2	chr17
c(149, 2026, 151, 321)	2	chr17
c(149, 496, 496, 496)	2	chr17
c(149, 496, 497, 150)	2	chr17
c(149, 496, 833, 148)	2	chr17
c(149, 497, 495, 150)	2	chr17
c(149, 497, 496, 320)	2	chr17
c(149, 667, 148, 496)	2	chr17
c(149, 667, 149, 495)	2	chr17
c(149, 831, 496, 496)	2	chr17
c(149, 832, 496, 325)	2	chr17
c(149, 833, 155, 496)	2	chr17
c(149, 833, 495, 496)	2	chr17
c(150, 1339, 149, 496)	2	chr17
c(150, 151, 320, 832)	2	chr17
c(150, 151, 320, 998)	2	chr17
c(150, 151, 487, 833)	2	chr17
c(150, 321, 149, 666)	2	chr17
c(151, 150, 151, 321)	2	chr17
c(151, 151, 151, 321)	2	chr17
c(151, 151, 321, 149)	2	chr17
c(151, 151, 322, 149)	2	chr17
c(151, 320, 832, 149)	2	chr17
c(151, 321, 149, 2026)	2	chr17
c(151, 321, 833, 662)	2	chr17
c(151, 486, 833, 497)	2	chr17
c(151, 487, 833, 496)	2	chr17
c(2026, 151, 321, 149)	2	chr17
c(319, 149, 667, 149)	2	chr17
c(319, 321, 149, 667)	2	chr17
c(320, 832, 149, 496)	2	chr17
c(320, 998, 496, 495)	2	chr17
c(321, 149, 2026, 151)	2	chr17
c(321, 149, 494, 496)	2	chr17
c(321, 149, 496, 496)	2	chr17
c(321, 149, 667, 1175)	2	chr17
c(321, 149, 667, 148)	2	chr17
c(321, 149, 831, 496)	2	chr17
c(321, 833, 149, 497)	2	chr17
c(325, 150, 151, 321)	2	chr17
c(486, 1346, 999, 667)	2	chr17
c(486, 833, 497, 496)	2	chr17
c(487, 149, 667, 149)	2	chr17
c(487, 667, 662, 496)	2	chr17
c(489, 149, 496, 496)	2	chr17
c(489, 149, 833, 1009)	2	chr17
c(489, 489, 149, 496)	2	chr17
c(495, 150, 151, 486)	2	chr17
c(495, 150, 151, 487)	2	chr17
c(495, 496, 150, 151)	2	chr17
c(495, 496, 321, 148)	2	chr17
c(495, 496, 496, 151)	2	chr17
c(495, 664, 321, 149)	2	chr17
c(496, 1002, 149, 667)	2	chr17
c(496, 150, 1339, 149)	2	chr17
c(496, 151, 151, 486)	2	chr17
c(496, 151, 151, 489)	2	chr17
c(496, 320, 149, 667)	2	chr17
c(496, 321, 149, 667)	2	chr17
c(496, 325, 150, 151)	2	chr17
c(496, 487, 149, 667)	2	chr17
c(496, 487, 667, 149)	2	chr17
c(496, 489, 149, 833)	2	chr17
c(496, 489, 489, 149)	2	chr17
c(496, 495, 150, 489)	2	chr17
c(496, 496, 150, 1339)	2	chr17
c(496, 496, 151, 320)	2	chr17
c(496, 496, 487, 149)	2	chr17
c(496, 496, 487, 667)	2	chr17
c(496, 496, 496, 489)	2	chr17
c(496, 497, 151, 321)	2	chr17
c(496, 833, 148, 667)	2	chr17
c(497, 151, 321, 149)	2	chr17
c(497, 495, 150, 151)	2	chr17
c(497, 496, 320, 149)	2	chr17
c(662, 496, 321, 149)	2	chr17
c(663, 321, 149, 833)	2	chr17
c(664, 321, 149, 667)	2	chr17
c(665, 149, 496, 833)	2	chr17
c(665, 149, 496, 834)	2	chr17
c(666, 149, 1009, 150)	2	chr17
c(667, 148, 496, 497)	2	chr17
c(667, 149, 1009, 151)	2	chr17
c(667, 149, 1009, 318)	2	chr17
c(667, 149, 1009, 489)	2	chr17
c(667, 149, 1010, 151)	2	chr17
c(667, 149, 496, 664)	2	chr17
c(667, 149, 497, 495)	2	chr17
c(667, 150, 151, 321)	2	chr17
c(832, 149, 495, 834)	2	chr17
c(832, 496, 325, 496)	2	chr17
c(832, 496, 495, 150)	2	chr17
c(833, 148, 667, 149)	2	chr17
c(833, 149, 1010, 150)	2	chr17
c(833, 155, 496, 150)	2	chr17
c(833, 495, 496, 150)	2	chr17
c(833, 662, 496, 318)	2	chr17
c(834, 148, 833, 1009)	2	chr17
c(834, 832, 149, 495)	2	chr17
c(834, 998, 495, 834)	2	chr17
c(998, 496, 495, 150)	2	chr17
c(1000, 667, 149, 1515)	1	chr17
c(1001, 149, 667, 149)	1	chr17
c(1001, 149, 833, 496)	1	chr17
c(1007, 150, 321, 149)	1	chr17
c(1007, 151, 151, 489)	1	chr17
c(1007114, 410407, 11698352, 392963)	1	chr17
c(1008, 150, 151, 321)	1	chr17
c(1009, 148, 671, 149)	1	chr17
c(1009, 150, 150, 487)	1	chr17
c(1009, 150, 321, 149)	1	chr17
c(1009, 150, 489, 149)	1	chr17
c(1009, 151, 151, 322)	1	chr17
c(1009, 151, 321, 149)	1	chr17
c(1009, 321, 148, 666)	1	chr17
c(1009, 321, 148, 833)	1	chr17
c(1009, 321, 149, 667)	1	chr17
c(1009, 487, 667, 149)	1	chr17
c(1009, 489, 1339, 149)	1	chr17
c(1009, 489, 149, 667)	1	chr17
c(1009, 489, 489, 149)	1	chr17
c(1009, 496, 489, 489)	1	chr17
c(1009, 823, 833, 149)	1	chr17
c(1010, 150, 151, 321)	1	chr17
c(1010, 151, 151, 151)	1	chr17
c(1010, 151, 321, 149)	1	chr17
c(1010, 318, 320, 149)	1	chr17
c(1102721, 6618930, 1503708, 149)	1	chr17
c(11377, 151, 1517, 2875)	1	chr17
c(1161, 486, 1346, 496)	1	chr17
c(11685262, 813377, 14800, 1007114)	1	chr17
c(11698352, 392963, 1254860, 71490)	1	chr17
c(1171, 487, 833, 496)	1	chr17
c(1173, 486, 1346, 999)	1	chr17
c(1175, 149, 151, 321)	1	chr17
c(1175, 151, 321, 149)	1	chr17
c(1175, 321, 148, 667)	1	chr17
c(1175, 321, 833, 149)	1	chr17
c(1175, 489, 149, 667)	1	chr17
c(1175, 655, 667, 662)	1	chr17
c(1176, 150, 151, 320)	1	chr17
c(1176, 321, 149, 833)	1	chr17
c(12, 256329, 318176, 433944)	1	chr17
c(1254860, 71490, 2142338, 211681)	1	chr17
c(128, 496, 834, 148)	1	chr17
c(1339, 149, 667, 149)	1	chr17
c(1344, 148, 667, 149)	1	chr17
c(1345, 496, 150, 151)	1	chr17
c(1346, 496, 150, 151)	1	chr17
c(1346, 496, 150, 655)	1	chr17
c(1346, 496, 318, 321)	1	chr17
c(1346, 496, 321, 148)	1	chr17
c(1346, 663, 488, 149)	1	chr17
c(1347, 148, 667, 149)	1	chr17
c(1347, 496, 150, 151)	1	chr17
c(1347, 663, 489, 149)	1	chr17
c(1347, 832, 149, 496)	1	chr17
c(1351, 2685554, 2099573, 691029)	1	chr17
c(135772, 803736, 437715, 11685262)	1	chr17
c(139726, 139763, 740280, 948121)	1	chr17
c(139763, 740280, 948121, 1730156)	1	chr17
c(147, 667, 149, 1347)	1	chr17
c(147, 667, 149, 497)	1	chr17
c(148, 1009, 148, 671)	1	chr17
c(148, 2013, 3039, 5996)	1	chr17
c(148, 496, 496, 150)	1	chr17
c(148, 496, 497, 150)	1	chr17
c(148, 496, 497, 151)	1	chr17
c(148, 667, 1161, 486)	1	chr17
c(148, 667, 1173, 486)	1	chr17
c(148, 667, 1175, 151)	1	chr17
c(148, 667, 1175, 321)	1	chr17
c(148, 667, 128, 496)	1	chr17
c(148, 667, 149, 1344)	1	chr17
c(148, 667, 149, 1347)	1	chr17
c(148, 667, 1513, 148)	1	chr17
c(148, 667, 662, 495)	1	chr17
c(148, 667, 662, 833)	1	chr17
c(148, 667, 662, 834)	1	chr17
c(148, 667, 663, 496)	1	chr17
c(148, 668, 149, 495)	1	chr17
c(148, 833, 495, 834)	1	chr17
c(14800, 1007114, 410407, 11698352)	1	chr17
c(14882, 2022, 1691, 1351)	1	chr17
c(149, 1000, 667, 149)	1	chr17
c(149, 1007, 150, 321)	1	chr17
c(149, 1007, 151, 151)	1	chr17
c(149, 1008, 150, 151)	1	chr17
c(149, 1009, 150, 150)	1	chr17
c(149, 1009, 150, 321)	1	chr17
c(149, 1009, 151, 151)	1	chr17
c(149, 1009, 151, 321)	1	chr17
c(149, 1009, 321, 149)	1	chr17
c(149, 1009, 487, 667)	1	chr17
c(149, 1009, 489, 1339)	1	chr17
c(149, 1009, 489, 149)	1	chr17
c(149, 1009, 496, 489)	1	chr17
c(149, 1009, 823, 833)	1	chr17
c(149, 1010, 151, 151)	1	chr17
c(149, 1010, 151, 321)	1	chr17
c(149, 1010, 318, 320)	1	chr17
c(149, 1175, 321, 833)	1	chr17
c(149, 1344, 148, 667)	1	chr17
c(149, 1345, 496, 150)	1	chr17
c(149, 1346, 496, 318)	1	chr17
c(149, 1347, 148, 667)	1	chr17
c(149, 1347, 496, 150)	1	chr17
c(149, 1347, 832, 149)	1	chr17
c(149, 151, 321, 833)	1	chr17
c(149, 322, 149, 667)	1	chr17
c(149, 494, 1176, 321)	1	chr17
c(149, 494, 496, 325)	1	chr17
c(149, 494, 496, 486)	1	chr17
c(149, 494, 496, 663)	1	chr17
c(149, 495, 1009, 150)	1	chr17
c(149, 495, 495, 150)	1	chr17
c(149, 495, 496, 149)	1	chr17
c(149, 495, 664, 321)	1	chr17
c(149, 495, 831, 151)	1	chr17
c(149, 495, 834, 148)	1	chr17
c(149, 495, 834, 832)	1	chr17
c(149, 495, 834, 998)	1	chr17
c(149, 496, 1001, 149)	1	chr17
c(149, 496, 1002, 149)	1	chr17
c(149, 496, 1009, 489)	1	chr17
c(149, 496, 149, 667)	1	chr17
c(149, 496, 325, 496)	1	chr17
c(149, 496, 495, 151)	1	chr17
c(149, 496, 495, 485)	1	chr17
c(149, 496, 496, 319)	1	chr17
c(149, 496, 496, 320)	1	chr17
c(149, 496, 497, 151)	1	chr17
c(149, 496, 497, 321)	1	chr17
c(149, 496, 497, 489)	1	chr17
c(149, 496, 663, 6233)	1	chr17
c(149, 496, 664, 319)	1	chr17
c(149, 496, 664, 321)	1	chr17
c(149, 496, 834, 998)	1	chr17
c(149, 498, 496, 489)	1	chr17
c(149, 666, 149, 1009)	1	chr17
c(149, 666, 149, 155)	1	chr17
c(149, 666, 149, 495)	1	chr17
c(149, 667, 1175, 149)	1	chr17
c(149, 667, 1175, 489)	1	chr17
c(149, 667, 1175, 655)	1	chr17
c(149, 667, 1176, 150)	1	chr17
c(149, 667, 149, 1000)	1	chr17
c(149, 667, 149, 1007)	1	chr17
c(149, 667, 149, 498)	1	chr17
c(149, 667, 150, 497)	1	chr17
c(149, 667, 662, 325)	1	chr17
c(149, 667, 662, 663)	1	chr17
c(149, 667, 662, 664)	1	chr17
c(149, 667, 999, 490)	1	chr17
c(149, 669, 149, 497)	1	chr17
c(149, 832, 496, 495)	1	chr17
c(149, 832, 496, 496)	1	chr17
c(149, 833, 1009, 318)	1	chr17
c(149, 833, 1515, 149)	1	chr17
c(149, 833, 495, 664)	1	chr17
c(149, 833, 496, 1002)	1	chr17
c(149, 833, 496, 325)	1	chr17
c(149, 833, 497, 663)	1	chr17
c(149, 833, 663, 321)	1	chr17
c(150, 149, 496, 496)	1	chr17
c(150, 150, 150, 322)	1	chr17
c(150, 150, 322, 149)	1	chr17
c(150, 150, 487, 667)	1	chr17
c(150, 151, 311, 149)	1	chr17
c(150, 151, 319, 149)	1	chr17
c(150, 151, 320, 147)	1	chr17
c(150, 151, 320, 999)	1	chr17
c(150, 151, 486, 1346)	1	chr17
c(150, 151, 486, 833)	1	chr17
c(150, 151, 487, 666)	1	chr17
c(150, 151, 487, 830)	1	chr17
c(150, 320, 149, 833)	1	chr17
c(150, 321, 148, 667)	1	chr17
c(150, 321, 149, 495)	1	chr17
c(150, 322, 148, 667)	1	chr17
c(150, 322, 149, 667)	1	chr17
c(150, 487, 667, 662)	1	chr17
c(150, 496, 496, 321)	1	chr17
c(150, 497, 496, 150)	1	chr17
c(1503708, 149, 496, 834)	1	chr17
c(151, 150, 151, 487)	1	chr17
c(151, 151, 320, 833)	1	chr17
c(151, 151, 320, 998)	1	chr17
c(151, 151, 486, 832)	1	chr17
c(151, 151, 486, 833)	1	chr17
c(151, 1517, 2875, 1859)	1	chr17
c(151, 311, 149, 667)	1	chr17
c(151, 319, 149, 667)	1	chr17
c(151, 319, 321, 149)	1	chr17
c(151, 320, 147, 667)	1	chr17
c(151, 320, 149, 1346)	1	chr17
c(151, 320, 149, 1347)	1	chr17
c(151, 320, 149, 669)	1	chr17
c(151, 320, 999, 497)	1	chr17
c(151, 321, 1171, 487)	1	chr17
c(151, 321, 149, 1345)	1	chr17
c(151, 321, 149, 496)	1	chr17
c(151, 321, 149, 497)	1	chr17
c(151, 321, 149, 831)	1	chr17
c(151, 321, 149, 832)	1	chr17
c(151, 321, 832, 149)	1	chr17
c(151, 321, 833, 318)	1	chr17
c(151, 322, 149, 665)	1	chr17
c(151, 322, 149, 667)	1	chr17
c(151, 486, 1346, 663)	1	chr17
c(151, 486, 832, 496)	1	chr17
c(151, 487, 1347, 663)	1	chr17
c(151, 487, 666, 149)	1	chr17
c(151, 487, 667, 148)	1	chr17
c(151, 487, 667, 662)	1	chr17
c(151, 487, 830, 496)	1	chr17
c(1513, 148, 667, 662)	1	chr17
c(1515, 149, 667, 149)	1	chr17
c(1515, 667, 149, 1009)	1	chr17
c(1517, 2875, 1859, 14882)	1	chr17
c(1547, 6259, 11377, 151)	1	chr17
c(155420, 899629, 366200, 517604)	1	chr17
c(1563416, 19003, 740624, 139726)	1	chr17
c(15735, 135772, 803736, 437715)	1	chr17
c(1691, 1351, 2685554, 2099573)	1	chr17
c(1730156, 15735, 135772, 803736)	1	chr17
c(1777185, 756040, 2950167, 1563416)	1	chr17
c(1828081, 12, 256329, 318176)	1	chr17
c(1859, 14882, 2022, 1691)	1	chr17
c(19003, 740624, 139726, 139763)	1	chr17
c(2013, 3039, 5996, 2942)	1	chr17
c(2022, 1691, 1351, 2685554)	1	chr17
c(207913, 487252, 655677, 7264156)	1	chr17
c(2099573, 691029, 4805000, 1777185)	1	chr17
c(2110731, 319122, 445175, 207913)	1	chr17
c(211681, 1828081, 12, 256329)	1	chr17
c(2142338, 211681, 1828081, 12)	1	chr17
c(219129, 2110731, 319122, 445175)	1	chr17
c(224847, 155420, 899629, 366200)	1	chr17
c(2685554, 2099573, 691029, 4805000)	1	chr17
c(2875, 1859, 14882, 2022)	1	chr17
c(2876, 323, 1547, 6259)	1	chr17
c(2942, 5773, 323, 3557)	1	chr17
c(2950167, 1563416, 19003, 740624)	1	chr17
c(3039, 5996, 2942, 5773)	1	chr17
c(311, 149, 667, 149)	1	chr17
c(318, 321, 149, 496)	1	chr17
c(318, 321, 833, 662)	1	chr17
c(318, 487, 667, 321)	1	chr17
c(319122, 445175, 207913, 487252)	1	chr17
c(320, 147, 667, 149)	1	chr17
c(320, 148, 667, 149)	1	chr17
c(320, 149, 1346, 496)	1	chr17
c(320, 149, 1347, 496)	1	chr17
c(320, 149, 667, 1176)	1	chr17
c(320, 149, 667, 150)	1	chr17
c(320, 149, 669, 149)	1	chr17
c(320, 149, 833, 155)	1	chr17
c(320, 833, 149, 1010)	1	chr17
c(320, 998, 496, 496)	1	chr17
c(320, 999, 497, 496)	1	chr17
c(321, 1171, 487, 833)	1	chr17
c(321, 147, 667, 149)	1	chr17
c(321, 148, 665, 149)	1	chr17
c(321, 148, 667, 1161)	1	chr17
c(321, 148, 667, 1173)	1	chr17
c(321, 148, 667, 1175)	1	chr17
c(321, 148, 667, 663)	1	chr17
c(321, 148, 668, 149)	1	chr17
c(321, 148, 833, 1009)	1	chr17
c(321, 149, 1345, 496)	1	chr17
c(321, 149, 494, 1176)	1	chr17
c(321, 149, 495, 1009)	1	chr17
c(321, 149, 495, 831)	1	chr17
c(321, 149, 497, 496)	1	chr17
c(321, 149, 667, 999)	1	chr17
c(321, 149, 832, 496)	1	chr17
c(321, 149, 833, 1515)	1	chr17
c(321, 149, 833, 155)	1	chr17
c(321, 149, 833, 497)	1	chr17
c(321, 149, 833, 663)	1	chr17
c(321, 150, 321, 149)	1	chr17
c(321, 832, 662, 496)	1	chr17
c(321, 833, 149, 1007)	1	chr17
c(321, 833, 149, 1008)	1	chr17
c(321, 833, 149, 1009)	1	chr17
c(321, 833, 149, 1010)	1	chr17
c(321, 833, 149, 1175)	1	chr17
c(321, 833, 149, 495)	1	chr17
c(321, 833, 318, 321)	1	chr17
c(322, 148, 667, 149)	1	chr17
c(322, 149, 665, 149)	1	chr17
c(323, 1547, 6259, 11377)	1	chr17
c(323, 3557, 5180, 2876)	1	chr17
c(3557, 5180, 2876, 323)	1	chr17
c(366200, 517604, 219129, 2110731)	1	chr17
c(392963, 1254860, 71490, 2142338)	1	chr17
c(410407, 11698352, 392963, 1254860)	1	chr17
c(437715, 11685262, 813377, 14800)	1	chr17
c(445175, 207913, 487252, 655677)	1	chr17
c(4805000, 1777185, 756040, 2950167)	1	chr17
c(485, 321, 149, 831)	1	chr17
c(486, 1346, 496, 321)	1	chr17
c(486, 1346, 663, 488)	1	chr17
c(486, 149, 667, 149)	1	chr17
c(486, 832, 496, 495)	1	chr17
c(487, 1347, 663, 489)	1	chr17
c(487, 666, 149, 1009)	1	chr17
c(487, 667, 148, 496)	1	chr17
c(487, 667, 149, 1009)	1	chr17
c(487, 667, 321, 150)	1	chr17
c(487, 830, 496, 496)	1	chr17
c(487252, 655677, 7264156, 1102721)	1	chr17
c(488, 149, 667, 662)	1	chr17
c(488, 833, 149, 495)	1	chr17
c(488, 862, 662, 1001)	1	chr17
c(489, 1339, 149, 667)	1	chr17
c(489, 149, 496, 1009)	1	chr17
c(489, 149, 667, 1175)	1	chr17
c(489, 489, 149, 667)	1	chr17
c(490, 496, 150, 150)	1	chr17
c(490, 668, 148, 2013)	1	chr17
c(494, 1176, 321, 149)	1	chr17
c(494, 496, 325, 150)	1	chr17
c(494, 496, 486, 1346)	1	chr17
c(494, 496, 663, 321)	1	chr17
c(495, 1009, 150, 489)	1	chr17
c(495, 150, 151, 319)	1	chr17
c(495, 151, 151, 320)	1	chr17
c(495, 151, 320, 149)	1	chr17
c(495, 321, 148, 667)	1	chr17
c(495, 485, 321, 149)	1	chr17
c(495, 495, 150, 489)	1	chr17
c(495, 496, 149, 1009)	1	chr17
c(495, 496, 321, 832)	1	chr17
c(495, 831, 151, 487)	1	chr17
c(495, 834, 148, 667)	1	chr17
c(495, 834, 148, 833)	1	chr17
c(495, 834, 998, 495)	1	chr17
c(496, 1001, 149, 833)	1	chr17
c(496, 1009, 489, 489)	1	chr17
c(496, 149, 1009, 496)	1	chr17
c(496, 149, 322, 149)	1	chr17
c(496, 149, 667, 149)	1	chr17
c(496, 150, 149, 496)	1	chr17
c(496, 150, 150, 150)	1	chr17
c(496, 150, 151, 311)	1	chr17
c(496, 150, 321, 148)	1	chr17
c(496, 150, 322, 148)	1	chr17
c(496, 150, 496, 496)	1	chr17
c(496, 151, 151, 151)	1	chr17
c(496, 151, 151, 322)	1	chr17
c(496, 151, 319, 321)	1	chr17
c(496, 151, 321, 1171)	1	chr17
c(496, 318, 487, 667)	1	chr17
c(496, 319, 321, 149)	1	chr17
c(496, 320, 148, 667)	1	chr17
c(496, 321, 147, 667)	1	chr17
c(496, 321, 148, 665)	1	chr17
c(496, 321, 148, 668)	1	chr17
c(496, 321, 832, 662)	1	chr17
c(496, 486, 1346, 999)	1	chr17
c(496, 486, 149, 667)	1	chr17
c(496, 487, 833, 496)	1	chr17
c(496, 488, 833, 149)	1	chr17
c(496, 488, 862, 662)	1	chr17
c(496, 489, 149, 496)	1	chr17
c(496, 490, 496, 150)	1	chr17
c(496, 495, 151, 151)	1	chr17
c(496, 495, 151, 320)	1	chr17
c(496, 495, 485, 321)	1	chr17
c(496, 496, 149, 322)	1	chr17
c(496, 496, 151, 319)	1	chr17
c(496, 496, 318, 320)	1	chr17
c(496, 496, 318, 487)	1	chr17
c(496, 496, 319, 321)	1	chr17
c(496, 496, 320, 148)	1	chr17
c(496, 496, 321, 147)	1	chr17
c(496, 496, 321, 149)	1	chr17
c(496, 496, 486, 149)	1	chr17
c(496, 496, 487, 833)	1	chr17
c(496, 496, 488, 833)	1	chr17
c(496, 496, 488, 862)	1	chr17
c(496, 496, 489, 489)	1	chr17
c(496, 497, 321, 148)	1	chr17
c(496, 497, 489, 149)	1	chr17
c(496, 663, 321, 149)	1	chr17
c(496, 663, 6233, 321)	1	chr17
c(496, 664, 319, 149)	1	chr17
c(496, 664, 321, 149)	1	chr17
c(496, 834, 148, 1009)	1	chr17
c(496, 834, 148, 671)	1	chr17
c(496, 834, 148, 833)	1	chr17
c(496, 834, 998, 495)	1	chr17
c(497, 151, 489, 149)	1	chr17
c(497, 321, 148, 667)	1	chr17
c(497, 489, 149, 667)	1	chr17
c(497, 496, 150, 322)	1	chr17
c(497, 663, 151, 321)	1	chr17
c(498, 496, 489, 149)	1	chr17
c(517604, 219129, 2110731, 319122)	1	chr17
c(5180, 2876, 323, 1547)	1	chr17
c(5773, 323, 3557, 5180)	1	chr17
c(5996, 2942, 5773, 323)	1	chr17
c(6233, 321, 149, 833)	1	chr17
c(6259, 11377, 151, 1517)	1	chr17
c(655, 667, 662, 497)	1	chr17
c(655677, 7264156, 1102721, 6618930)	1	chr17
c(6618930, 1503708, 149, 496)	1	chr17
c(662, 1001, 149, 667)	1	chr17
c(662, 325, 496, 151)	1	chr17
c(662, 495, 321, 148)	1	chr17
c(662, 496, 150, 496)	1	chr17
c(662, 496, 151, 320)	1	chr17
c(662, 496, 321, 832)	1	chr17
c(662, 496, 490, 496)	1	chr17
c(662, 497, 151, 489)	1	chr17
c(662, 663, 151, 321)	1	chr17
c(662, 664, 151, 321)	1	chr17
c(662, 833, 148, 667)	1	chr17
c(662, 834, 148, 833)	1	chr17
c(663, 151, 320, 833)	1	chr17
c(663, 151, 321, 832)	1	chr17
c(663, 488, 149, 667)	1	chr17
c(663, 489, 149, 667)	1	chr17
c(663, 6233, 321, 149)	1	chr17
c(664, 151, 321, 149)	1	chr17
c(664, 319, 149, 667)	1	chr17
c(664, 321, 149, 833)	1	chr17
c(665, 149, 496, 663)	1	chr17
c(666, 149, 155, 496)	1	chr17
c(666, 149, 495, 495)	1	chr17
c(666, 149, 496, 495)	1	chr17
c(667, 1161, 486, 1346)	1	chr17
c(667, 1173, 486, 1346)	1	chr17
c(667, 1175, 149, 151)	1	chr17
c(667, 1175, 151, 321)	1	chr17
c(667, 1175, 321, 148)	1	chr17
c(667, 1175, 489, 149)	1	chr17
c(667, 1175, 655, 667)	1	chr17
c(667, 1176, 150, 151)	1	chr17
c(667, 128, 496, 834)	1	chr17
c(667, 148, 496, 496)	1	chr17
c(667, 149, 1000, 667)	1	chr17
c(667, 149, 1007, 151)	1	chr17
c(667, 149, 1009, 487)	1	chr17
c(667, 149, 1009, 823)	1	chr17
c(667, 149, 1010, 318)	1	chr17
c(667, 149, 1344, 148)	1	chr17
c(667, 149, 1347, 148)	1	chr17
c(667, 149, 1347, 832)	1	chr17
c(667, 149, 494, 496)	1	chr17
c(667, 149, 495, 834)	1	chr17
c(667, 149, 496, 1001)	1	chr17
c(667, 149, 496, 1002)	1	chr17
c(667, 149, 496, 149)	1	chr17
c(667, 149, 496, 325)	1	chr17
c(667, 149, 498, 496)	1	chr17
c(667, 150, 151, 320)	1	chr17
c(667, 150, 497, 496)	1	chr17
c(667, 1513, 148, 667)	1	chr17
c(667, 321, 150, 321)	1	chr17
c(667, 662, 325, 496)	1	chr17
c(667, 662, 495, 321)	1	chr17
c(667, 662, 496, 151)	1	chr17
c(667, 662, 496, 318)	1	chr17
c(667, 662, 496, 490)	1	chr17
c(667, 662, 497, 151)	1	chr17
c(667, 662, 663, 151)	1	chr17
c(667, 662, 664, 151)	1	chr17
c(667, 662, 833, 148)	1	chr17
c(667, 662, 834, 148)	1	chr17
c(667, 999, 490, 668)	1	chr17
c(668, 148, 2013, 3039)	1	chr17
c(668, 149, 495, 496)	1	chr17
c(669, 149, 497, 496)	1	chr17
c(671, 149, 496, 496)	1	chr17
c(671, 149, 496, 834)	1	chr17
c(691029, 4805000, 1777185, 756040)	1	chr17
c(71490, 2142338, 211681, 1828081)	1	chr17
c(7264156, 1102721, 6618930, 1503708)	1	chr17
c(740280, 948121, 1730156, 15735)	1	chr17
c(740624, 139726, 139763, 740280)	1	chr17
c(756040, 2950167, 1563416, 19003)	1	chr17
c(803736, 437715, 11685262, 813377)	1	chr17
c(813377, 14800, 1007114, 410407)	1	chr17
c(823, 833, 149, 496)	1	chr17
c(830, 496, 496, 151)	1	chr17
c(831, 151, 487, 1347)	1	chr17
c(831, 496, 496, 150)	1	chr17
c(831, 496, 496, 488)	1	chr17
c(832, 496, 496, 150)	1	chr17
c(832, 662, 496, 321)	1	chr17
c(833, 1009, 318, 321)	1	chr17
c(833, 148, 667, 662)	1	chr17
c(833, 149, 1007, 150)	1	chr17
c(833, 149, 1008, 150)	1	chr17
c(833, 149, 1009, 150)	1	chr17
c(833, 149, 1175, 321)	1	chr17
c(833, 149, 495, 496)	1	chr17
c(833, 149, 495, 664)	1	chr17
c(833, 149, 496, 663)	1	chr17
c(833, 149, 497, 663)	1	chr17
c(833, 1515, 149, 667)	1	chr17
c(833, 318, 321, 833)	1	chr17
c(833, 495, 664, 321)	1	chr17
c(833, 495, 834, 832)	1	chr17
c(833, 496, 1002, 149)	1	chr17
c(833, 496, 325, 150)	1	chr17
c(833, 496, 495, 151)	1	chr17
c(833, 496, 496, 318)	1	chr17
c(833, 496, 496, 487)	1	chr17
c(833, 496, 496, 488)	1	chr17
c(833, 496, 496, 489)	1	chr17
c(833, 497, 496, 151)	1	chr17
c(833, 497, 663, 151)	1	chr17
c(833, 662, 496, 150)	1	chr17
c(833, 663, 321, 149)	1	chr17
c(834, 148, 1009, 148)	1	chr17
c(834, 148, 667, 1175)	1	chr17
c(834, 148, 667, 128)	1	chr17
c(834, 148, 667, 1513)	1	chr17
c(834, 148, 667, 662)	1	chr17
c(834, 148, 671, 149)	1	chr17
c(834, 148, 833, 495)	1	chr17
c(862, 662, 1001, 149)	1	chr17
c(899629, 366200, 517604, 219129)	1	chr17
c(948121, 1730156, 15735, 135772)	1	chr17
c(998, 495, 834, 148)	1	chr17
c(998, 495, 834, 832)	1	chr17
c(998, 496, 496, 150)	1	chr17
c(999, 490, 668, 148)	1	chr17
c(999, 497, 496, 150)	1	chr17
c(999, 667, 149, 494)	1	chr17
c(999, 667, 149, 496)	1	chr17
